{
    "a_w": 100,
    "a_c": 121,
    "l_w_0": 55.46503786122044,
    "l_c_0": 11.0,
    "b_w": 0.00013780941583382,
    "b_c": 3.6211105415897773,
    "beta_w_unaff": 0.0284,
    "beta_c_unaff": 0.0398,
    "beta_w_term_ratio": 0.0,
    "tau_w": 30.0
}
